112
275
289
54
29
259
236
278
279
288
157
267
143
3
221
256
30
273
184
264
289
265
286
117
271
294
183
247
227
211
24
285
204
253
6
258
284
211
239
99
301
115
162
293
227
133
148
212
154
149
127
267
4
279
206
231
282
224
108
258
290
283
237
203
241
275
239
228
169
138
231
142
266
75
281
186
226
281
287
254
288
274
229
267
233
91
247
225
285
287
256
294
248
234
285
116
260
212
270
285
255
282
302
234
2
80
283
122
104
231
206
237
254
206
194
286
162
16
175
297
288
231
178
224
291
260
148
246
113
266
269
50
2
252
295
282
246
264
144
218
264
160
284
273
261
86
211
132
236
247
245
274
12
18
291
6
242
197
255
257
287
255
143
261
288
153
250
261
283
154
243
247
188
292
273
272
289
287
5
201
24
292
251
158
260
221
124
37
161
171
270
267
122
262
157
285
165
276
207
127
260
162
287
253
291
279
228
109
278
178
220
271
281
260
224
277
197
237
257
291
62
267
284
173
277
205
254
239
279
152
276
290
230
128
275
273
191
206
139
272
266
197
251
285
84
279
289
295
121
281
265
279
264
269
50
292
144
197
101
273
7
5
225
244
258
125
229
269
227
272
256
282
283
274
126
108
207
257
267
285
257
232
128
124
155
272
291
282
267
215
160
285
163
293
264
107
280
279
249
279
187
250
298
270
287
245
266
213
160
139
109
289
234
151
250
277
16
285
172
71
284
140
281
249
270
142
274
277
276
266
275
23
272
233
244
273
200
262
107
274
117
258
228
154
280
288
130
128
236
287
33
288
267
221
70
236
294
220
180
154
2
28
272
274
263
244
281
244
40
84
255
276
261
251
106
229
290
254
252
220
258
253
276
29
199
234
175
135
224
95
279
252
224
165
257
288
264
263
240
146
285
283
238
289
283
210
269
289
110
76
257
217
102
259
286
249
219
269
267
228
257
179
229
254
285
282
286
140
113
289
259
262
280
5
289
129
238
278
247
19
101
46
228
292
271
123
248
113
237
31
281
262
283
293
221
271
110
224
235
237
154
283
123
278
251
173
288
57
261
284
253
145
247
241
288
283
210
281
305
108
217
234
223
274
122
125
71
104
283
152
96
262
128
295
282
271
292
274
260
151
278
282
283
275
282
225
257
287
301
232
279
281
255
227
118
267
153
284
48
254
271
285
292
220
11
290
207
280
208
265
179
241
270
291
285
255
281
282
258
277
42
259
168
262
196
297
285
281
252
231
108
251
114
292
13
193
253
260
63
260
237
178
206
21
292
111
217
108
227
243
210
118
117
250
91
275
290
231
25
263
246
1
287
120
235
173
269
203
289
266
71
256
241
290
186
241
271
293
284
125
269
129
155
254
246
293
140
293
281
211
33
114
283
285
231
216
125
87
115
225
278
10
265
269
104
122
225
297
221
229
160
166
230
243
127
255
272
296
270
220
109
274
164
270
154
152
280
235
245
273
271
237
252
10
235
253
262
296
39
22
227
148
277
227
5
83
214
272
189
242
285
157
270
193
239
199
237
2
273
271
297
258
272
186
99
245
248
277
7
274
257
284
232
263
49
115
297
278
254
281
137
290
284
114
230
145
246
143
274
139
250
226
217
228
260
197
226
208
265
7
130
148
180
263
253
120
200
289
153
259
34
173
296
265
287
110
293
294
149
208
280
261
258
138
266
47
49
275
116
286
201
263
287
238
12
242
199
267
14
280
292
167
137
250
285
287
204
35
280
60
143
107
265
282
275
284
270
179
266
268
95
37
125
292
288
282
66
270
269
286
280
292
158
216
134
213
274
209
74
236
264
3
272
270
258
279
281
287
279
248
84
291
239
136
262
299
274
286
139
284
290
261
49
294
255
282
60
156
234
251
255
280
254
70
163
266
264
236
266
256
54
103
116
209
72
263
133
271
290
219
276
227
257
238
262
281
286
179
266
271
261
46
234
268
285
288
285
276
274
281
287
110
280
283
280
284
120
294
100
286
84
118
282
242
196
131
270
249
247
70
179
276
276
290
78
265
265
262
243
246
277
278
117
258
273
263
270
284
107
275
159
286
206
154
239
213
293
122
108
236
294
271
257
204
271
77
146
289
237
225
217
230
237
209
269
191
286
284
102
2
155
272
208
100
13
272
281
227
264
227
113
264
305
272
279
269
129
51
242
281
265
279
273
278
51
111
203
273
270
264
183
140
219
286
277
266
224
209
263
272
266
220
250
112
272
153
134
285
231
288
277
239
268
231
232
231
271
283
254
291
