281
112
109
52
127
96
143
132
120
99
45
113
236
96
117
117
152
104
44
117
98
108
121
274
117
100
188
155
118
149
73
108
195
145
106
112
86
55
140
33
94
12
35
112
164
245
25
55
221
215
258
123
95
101
190
73
109
161
279
86
106
88
170
107
166
90
158
66
49
22
74
246
79
33
98
44
72
113
123
95
90
108
163
128
144
44
150
142
84
104
85
112
164
160
123
269
96
56
111
110
98
92
98
116
94
230
105
267
10
79
47
145
93
67
74
91
203
124
217
95
115
93
216
70
119
137
242
144
255
124
73
39
101
86
86
107
101
131
256
186
107
231
97
107
118
241
64
31
68
82
149
90
101
82
103
104
79
77
122
145
111
101
257
91
98
25
78
87
106
234
150
82
198
107
102
104
101
95
101
155
90
112
103
66
118
66
264
74
27
72
138
109
4
131
232
111
188
108
184
277
91
47
106
80
98
89
160
11
104
208
88
117
97
87
76
111
64
105
89
97
157
106
103
54
127
59
103
149
121
231
95
104
121
201
117
107
48
188
244
112
123
157
126
113
224
122
123
82
6
111
78
103
144
114
52
102
25
52
297
83
88
99
81
158
88
264
68
109
60
120
62
113
111
130
273
258
61
99
106
111
85
82
222
14
195
107
98
100
128
157
240
103
214
108
121
5
108
94
89
114
50
110
106
80
95
65
90
181
94
24
258
95
145
27
89
106
119
93
68
56
80
252
89
147
111
196
107
109
118
105
89
83
140
173
55
110
180
87
274
99
250
125
167
201
103
130
53
27
84
109
117
86
127
173
50
82
104
110
26
240
102
101
109
70
105
66
108
108
99
20
144
99
124
116
21
88
94
78
69
168
103
143
106
144
44
70
175
232
84
22
111
121
66
217
99
84
113
127
89
205
95
89
50
100
110
148
116
116
290
40
136
160
7
88
105
80
167
101
76
55
83
82
107
153
109
100
115
241
264
105
87
131
118
93
100
31
145
124
159
138
292
39
140
82
89
272
146
263
68
64
126
115
95
97
172
136
285
67
72
68
25
105
19
125
126
205
108
53
116
112
131
20
88
106
91
109
195
109
88
283
173
140
158
111
221
32
260
281
95
250
7
120
250
98
113
117
103
69
120
205
112
108
122
91
112
131
95
122
109
88
90
93
103
73
18
96
223
112
71
74
79
108
89
86
114
110
72
86
70
100
159
87
101
95
101
78
114
102
108
106
94
143
206
107
149
103
98
100
116
152
289
146
17
104
90
187
99
67
192
144
132
68
58
98
85
276
183
3
107
63
76
25
13
93
32
120
108
130
74
143
151
100
90
22
140
49
100
164
106
117
36
104
143
106
200
69
96
90
87
269
110
65
214
102
121
116
21
98
95
158
98
25
108
124
92
57
261
228
28
105
96
114
107
126
295
32
100
97
189
69
225
55
81
88
19
83
110
109
103
65
287
82
44
104
48
234
121
109
80
116
131
122
146
96
166
116
100
99
110
87
75
217
122
167
123
39
60
86
206
135
103
62
122
67
88
145
135
113
114
126
97
125
91
203
38
69
133
125
111
70
136
100
68
119
197
22
102
90
88
115
222
88
90
49
72
240
136
23
119
17
83
75
123
88
74
208
169
160
128
100
26
185
62
119
113
213
75
105
236
91
156
51
103
97
101
284
104
93
69
60
109
99
140
23
123
75
94
98
24
98
66
73
114
156
112
149
53
94
123
108
85
55
34
127
101
105
133
78
114
63
42
288
128
114
130
112
101
209
121
120
249
161
266
115
103
102
234
91
123
82
90
95
44
180
20
184
102
158
255
81
143
105
113
121
84
101
113
104
124
135
42
116
56
235
81
104
123
99
22
108
108
92
206
96
120
90
209
50
86
152
71
89
121
235
233
117
83
85
130
70
78
2
24
90
38
94
267
110
101
177
103
68
93
143
104
85
98
51
119
86
113
94
72
103
92
89
102
64
104
121
99
28
110
95
114
113
263
101
5
116
255
8
100
155
197
211
93
70
146
190
41
121
81
105
65
131
79
142
115
115
125
99
251
91
105
128
68
102
288
93
215
98
176
235
108
130
95
268
38
164
98
89
128
167
116
228
27
99
66
128
165
73
100
100
120
209
103
117
233
109
59
115
165
222
123
124
105
160
106
86
13
147
87
98
99
110
49
99
160
85
66
119
92
96
95
16
53
120
127
80
69
249
183
95
89
118
162
185
113
100
80
66
64
6
95
235
17
111
154
110
125
103
114
67
150
158
100
94
131
96
