13
103
94
204
96
123
90
77
94
105
228
108
38
106
125
102
79
105
212
99
107
112
86
10
95
103
59
67
116
78
153
98
48
83
101
115
121
190
82
236
101
279
221
87
71
31
254
173
50
59
29
95
112
109
55
162
95
71
12
135
100
121
67
139
62
119
70
168
203
258
154
32
138
244
113
213
158
94
84
131
116
104
69
88
85
217
78
96
122
101
131
90
63
72
85
18
130
185
90
97
123
120
98
116
96
43
106
13
281
152
195
87
131
180
177
113
58
97
49
103
91
127
37
169
82
81
34
83
26
91
135
220
111
126
111
102
129
88
23
54
112
36
111
108
101
37
172
251
168
139
80
124
110
137
101
102
150
159
100
69
100
117
20
130
109
253
149
126
96
41
69
145
57
98
113
110
106
108
104
75
127
89
123
206
93
169
21
157
243
192
80
108
283
92
40
95
70
101
64
13
133
203
100
144
104
122
77
278
102
39
157
97
114
133
157
101
171
126
134
109
97
112
101
207
85
191
126
81
91
28
122
101
114
55
96
111
204
59
25
107
90
87
91
97
49
87
80
118
279
99
135
110
73
103
205
102
255
205
9
127
116
114
144
71
140
25
167
109
175
94
159
91
102
89
14
27
169
125
116
96
136
154
52
274
53
108
100
106
89
76
36
110
52
94
94
287
107
120
137
93
206
112
91
134
111
161
130
61
166
259
29
111
89
244
132
108
101
116
174
206
125
25
124
79
104
57
105
96
89
115
130
138
72
62
178
99
67
128
19
114
25
95
71
45
103
76
213
264
149
98
122
115
89
64
214
150
96
122
232
28
100
115
107
142
116
164
103
115
141
269
76
115
90
100
266
137
108
141
148
71
123
81
105
72
210
168
67
25
154
266
98
107
161
43
121
120
99
88
134
73
113
116
181
107
98
84
104
86
9
238
81
84
288
126
99
146
75
120
139
174
139
180
130
67
99
107
96
34
25
102
135
88
96
111
110
251
87
85
75
71
1
221
94
120
112
13
83
22
164
158
81
100
113
104
65
79
6
170
161
169
247
106
273
86
95
55
97
201
108
96
89
256
141
124
114
93
53
102
104
14
62
97
78
102
42
245
24
11
114
18
283
93
31
102
92
98
102
139
98
45
105
102
89
115
94
105
125
88
87
142
120
113
117
165
262
123
47
90
152
144
133
99
117
147
101
95
158
118
169
117
79
131
119
111
104
148
93
110
113
103
141
77
62
114
88
94
109
112
107
77
5
76
272
98
130
65
129
152
66
74
87
177
187
132
118
14
53
288
131
163
164
258
276
126
242
91
99
96
150
74
81
104
109
260
88
217
114
70
102
99
225
116
78
97
51
166
115
112
120
13
101
194
65
118
107
87
251
97
117
91
123
262
102
84
128
186
20
51
256
129
120
99
115
87
3
254
132
102
48
166
47
205
148
141
258
144
107
92
111
175
6
130
215
105
226
36
92
116
145
96
84
106
76
112
66
110
119
102
135
139
160
55
88
72
76
222
168
127
49
82
100
206
89
182
138
100
92
95
102
87
102
97
124
47
232
155
84
90
87
140
80
107
160
94
53
265
100
123
135
100
52
113
116
215
162
32
92
256
94
252
143
162
105
138
145
41
65
71
93
103
249
60
203
100
107
52
161
103
37
126
79
210
99
117
106
5
100
111
181
178
101
118
79
258
94
174
152
114
265
109
171
148
89
74
98
80
195
124
104
97
112
207
246
96
113
100
114
157
98
203
228
6
86
98
85
96
115
48
91
94
28
76
15
88
104
110
32
120
91
120
122
108
223
62
252
51
108
69
24
152
75
107
101
94
139
109
100
107
91
82
225
85
175
37
136
92
85
110
264
98
96
128
49
104
95
121
55
197
148
71
147
118
98
34
33
105
134
144
93
146
171
297
268
149
243
123
21
102
103
52
106
167
121
92
122
121
107
211
105
125
98
150
163
112
113
116
106
145
108
90
107
263
101
108
88
96
15
101
291
86
24
279
113
71
49
48
120
158
82
68
218
85
128
102
209
86
134
79
109
115
86
116
34
128
111
85
147
109
11
119
53
108
70
30
125
112
108
19
232
68
104
121
94
81
96
40
254
103
169
108
75
156
117
143
95
45
105
94
40
92
189
100
78
37
93
91
108
85
111
156
277
70
105
111
115
107
225
156
63
124
147
90
119
114
151
284
191
95
85
137
183
35
62
113
125
99
72
60
104
117
133
178
154
282
115
39
262
98
74
98
90
125
98
162
83
68
116
115
87
107
