94
10
8
190
248
22
31
13
7
8
70
12
83
295
37
25
239
18
60
20
6
15
7
99
17
3
70
31
39
62
250
9
53
19
287
15
9
44
39
132
4
94
82
8
38
91
73
60
75
77
86
15
289
11
49
34
14
44
101
21
4
8
26
51
31
16
33
38
79
82
41
80
17
148
8
57
44
12
6
20
6
14
39
17
38
148
25
37
9
8
28
4
25
34
7
97
14
47
29
8
24
6
2
34
308
147
6
98
105
38
52
31
22
47
55
10
77
263
59
5
6
49
69
37
8
22
76
27
106
19
23
191
286
36
8
9
24
17
77
42
17
73
8
12
20
136
53
86
28
32
26
12
277
263
5
288
29
67
23
29
2
27
80
18
5
69
23
26
15
71
38
26
57
3
12
14
4
10
290
69
259
7
23
70
29
44
91
232
69
65
12
16
91
15
71
9
77
15
45
83
16
88
7
23
7
10
35
102
16
75
35
15
8
20
43
11
68
32
20
3
184
15
12
66
11
45
17
31
9
89
7
5
35
116
12
9
57
47
92
9
21
59
32
5
143
12
8
5
94
9
22
8
19
14
193
4
76
46
93
17
289
282
50
27
14
86
36
13
38
14
23
14
4
7
87
107
63
19
11
8
22
32
98
88
97
13
11
12
16
52
64
2
71
5
21
101
5
7
25
14
57
28
5
16
7
29
14
45
80
78
104
5
32
78
29
9
264
6
86
167
11
83
6
25
15
105
14
18
17
14
6
256
16
32
23
18
53
23
100
13
108
22
34
100
14
6
104
81
31
6
228
11
17
42
166
32
6
48
62
78
296
256
12
14
16
26
8
33
220
127
25
10
25
33
107
46
8
27
31
41
16
23
13
255
47
28
83
108
38
117
12
20
49
75
23
8
24
22
37
76
7
12
31
4
9
58
11
9
91
146
26
39
103
27
10
25
39
10
18
43
21
59
34
26
7
11
3
85
98
4
19
19
6
291
1
89
30
13
19
272
106
194
38
6
28
92
23
102
31
247
12
23
9
6
42
14
99
39
32
26
74
6
85
11
28
67
7
189
15
8
27
79
24
29
7
15
42
8
3
95
48
29
41
13
115
98
145
104
8
80
114
25
91
5
13
14
3
18
22
99
5
8
6
19
12
39
23
3
3
38
11
13
25
35
102
14
77
14
229
28
17
8
2
47
274
5
63
16
53
18
83
41
10
3
10
19
12
6
21
14
223
21
64
17
67
6
8
7
25
40
98
27
97
6
267
55
19
21
179
22
44
77
49
249
5
99
47
101
35
31
50
99
94
31
135
14
3
43
251
20
22
295
14
98
37
61
17
63
3
18
168
24
38
7
63
24
18
5
9
93
20
112
66
26
26
4
88
12
7
40
246
99
7
7
49
41
94
134
101
41
6
277
13
18
98
92
43
4
42
36
68
74
41
28
96
18
11
3
16
40
98
14
77
21
72
78
7
40
30
15
14
35
26
282
33
21
19
3
216
252
38
80
13
34
296
156
58
15
56
41
12
75
19
58
35
56
36
290
11
16
4
20
13
64
131
31
35
8
295
16
27
9
40
24
201
98
1
9
23
4
89
9
10
122
36
83
26
78
13
92
24
37
55
46
21
54
40
61
14
290
95
107
55
18
27
115
64
3
74
24
231
66
2
21
6
101
3
2
101
54
10
22
23
81
17
204
205
13
95
7
62
16
10
32
278
29
53
15
259
15
11
71
83
27
1
8
49
230
8
174
87
99
21
6
10
8
14
64
22
18
128
226
94
5
5
6
168
19
17
12
8
5
75
42
94
52
16
64
147
31
18
285
14
15
19
11
6
2
6
35
149
8
30
92
21
5
18
5
75
10
6
19
196
6
30
7
176
97
32
26
27
13
27
161
71
12
19
35
11
28
197
98
92
52
147
20
79
17
6
52
15
38
29
27
12
13
9
59
10
18
28
210
31
17
10
7
7
15
14
8
7
99
9
14
18
7
102
4
104
12
137
95
5
32
58
110
17
23
25
172
62
18
15
3
148
18
22
17
33
24
12
7
98
23
11
24
15
5
94
13
73
8
48
81
28
45
4
91
122
32
4
19
21
48
17
155
73
9
28
39
43
41
46
48
16
55
6
5
125
297
97
13
49
141
271
13
6
28
19
31
97
19
3
19
7
14
97
194
35
10
22
12
16
12
203
89
53
12
18
19
65
76
36
6
9
17
42
46
20
11
21
36
32
100
18
73
87
6
41
4
8
33
20
40
35
43
13
8
28
6
