282
86
105
12
194
50
127
203
97
98
74
90
233
68
103
95
212
49
140
264
40
93
242
163
190
198
85
139
107
39
138
249
249
127
59
155
12
42
56
190
277
259
293
209
8
209
19
257
294
38
28
82
8
50
132
87
55
262
221
51
222
15
94
2
100
76
24
28
283
61
237
118
185
150
231
84
76
6
174
81
109
63
278
25
92
7
19
148
239
61
133
80
30
11
18
113
194
44
20
223
267
159
263
20
262
98
12
75
153
12
268
63
19
192
265
80
25
105
186
78
176
48
68
44
9
239
12
78
12
86
51
56
106
105
243
130
105
257
8
294
146
79
292
165
60
220
138
148
283
64
152
17
31
53
70
215
93
248
204
195
5
195
31
80
250
256
50
26
238
270
41
48
55
282
267
263
69
154
272
134
79
161
283
19
148
258
33
282
109
89
67
148
112
142
124
19
184
8
107
182
76
37
261
269
100
53
59
257
70
135
131
40
39
294
259
142
258
44
51
38
250
140
57
44
46
250
129
102
110
216
9
134
254
39
46
29
171
83
40
226
195
96
140
112
87
244
263
280
242
161
82
53
280
260
78
281
267
232
15
33
94
72
125
152
64
266
214
213
273
166
28
176
133
29
103
87
50
48
9
107
18
23
105
41
160
77
31
116
244
262
274
202
95
184
280
264
15
9
279
280
34
254
33
136
268
77
32
91
24
144
139
2
140
80
57
69
33
120
140
111
270
11
5
258
70
75
5
101
6
10
226
83
209
227
95
66
11
267
120
7
173
109
151
63
221
5
113
169
82
85
67
68
55
48
54
220
44
4
163
22
257
114
162
14
253
26
23
77
18
257
25
63
100
60
30
190
157
142
167
68
7
214
169
242
262
87
111
255
104
68
98
91
6
103
78
9
144
30
73
278
169
65
202
94
209
92
29
136
149
154
182
64
63
48
95
33
239
47
83
97
67
113
10
261
65
169
254
84
69
47
5
22
11
92
233
9
225
215
178
109
97
276
205
9
153
147
173
168
197
296
124
18
139
61
60
141
264
51
90
63
196
45
41
77
67
72
255
175
30
241
60
97
290
249
124
129
39
10
190
34
43
93
134
73
239
181
59
150
115
276
48
219
36
10
14
165
29
139
204
212
27
117
122
77
58
217
68
94
36
144
92
57
275
207
119
153
143
55
16
120
63
12
44
97
54
197
98
98
166
130
95
242
13
28
161
52
23
106
142
44
207
40
48
182
8
116
160
118
83
97
192
181
73
228
142
204
35
170
57
37
23
185
246
15
83
164
72
73
126
78
265
123
153
116
123
48
197
61
45
23
174
245
222
134
69
28
182
285
100
125
35
106
225
180
7
99
18
75
189
141
147
131
10
216
80
132
177
168
278
118
197
289
51
114
93
35
232
272
292
218
67
238
133
218
146
68
193
20
289
121
45
260
271
253
115
100
213
159
134
35
80
202
266
40
57
40
61
176
198
60
186
229
197
126
18
75
27
86
17
40
257
53
16
76
287
8
37
50
137
241
226
282
107
122
230
48
294
151
58
123
116
105
79
126
89
10
98
77
286
286
16
200
21
133
252
258
223
254
102
156
273
15
47
62
21
90
100
79
26
158
119
89
243
6
116
151
99
99
8
62
275
81
42
136
263
104
88
10
68
5
268
95
116
108
112
68
279
190
156
236
33
118
104
30
95
122
136
286
216
4
77
31
114
95
90
282
108
240
286
166
104
257
139
7
97
277
70
27
66
257
12
251
162
7
283
13
237
77
189
146
186
12
12
95
277
85
29
33
80
195
251
81
275
285
120
203
192
6
23
32
7
64
92
100
268
66
175
15
199
66
211
263
7
82
71
16
78
38
290
214
89
73
223
174
198
36
279
235
288
288
63
5
282
39
291
288
129
222
12
87
151
99
86
113
144
40
252
56
278
120
142
156
27
204
263
261
20
42
297
76
107
289
85
282
14
23
174
61
79
50
145
55
134
75
289
99
73
18
281
68
110
285
22
41
110
32
280
35
230
210
140
67
34
286
26
182
71
81
8
233
29
135
51
277
273
90
201
114
66
67
270
25
89
41
198
224
97
66
179
74
76
212
296
60
74
76
37
249
58
255
32
282
10
109
166
274
15
161
28
166
4
12
41
201
40
39
281
165
59
111
41
15
98
65
87
247
5
50
67
202
142
127
170
26
279
272
90
166
48
235
40
96
56
8
48
283
102
78
66
7
21
125
8
81
86
138
247
142
243
216
52
15
121
21
270
250
145
19
88
146
