122
267
286
108
54
205
14
43
283
8
242
287
57
237
7
276
55
46
258
77
53
282
155
29
217
200
15
25
286
176
259
152
156
20
234
28
86
64
48
50
125
86
99
53
96
56
137
147
105
188
164
13
102
48
15
272
211
130
184
179
46
89
6
103
3
242
77
67
108
43
79
270
42
21
67
247
19
97
33
20
4
38
116
65
18
103
72
23
161
39
263
278
66
114
137
8
209
61
155
55
82
224
143
131
127
5
123
28
236
114
71
226
149
41
76
28
156
289
207
257
41
200
229
195
103
171
111
16
92
274
41
45
286
277
155
13
294
76
87
102
248
260
106
228
37
53
258
14
117
234
31
80
65
43
242
185
9
62
199
43
92
212
158
27
152
86
46
165
71
87
199
53
51
87
126
128
37
35
98
259
17
237
93
138
19
83
164
114
281
264
29
247
275
261
13
80
41
107
288
45
24
72
129
123
293
184
217
145
247
259
12
176
195
93
144
261
134
59
213
174
156
14
224
177
189
80
16
4
281
55
97
257
157
61
189
74
227
20
171
61
47
280
258
6
265
141
134
105
69
32
281
217
101
138
238
116
134
57
99
159
297
234
22
27
218
78
61
198
125
228
144
222
265
72
2
273
44
49
113
291
139
161
290
185
32
247
70
279
161
75
124
50
274
42
95
135
124
98
97
116
161
82
68
13
88
265
74
8
138
26
265
101
23
268
222
25
61
276
18
286
129
126
112
84
30
24
100
273
100
99
65
244
54
173
264
230
120
139
280
109
218
5
247
37
184
112
279
42
237
259
236
35
205
196
205
186
181
103
241
147
141
276
236
123
148
160
88
24
97
85
76
41
289
32
181
45
249
257
33
227
95
177
236
71
139
13
5
76
286
25
284
261
100
275
21
90
258
65
25
105
33
46
202
258
55
13
149
20
28
27
215
206
35
201
5
70
60
194
24
12
234
8
109
84
247
240
146
13
234
187
107
143
120
13
173
103
178
181
39
10
280
102
190
120
24
22
39
34
195
103
274
94
20
205
226
20
76
217
262
238
50
175
49
29
232
244
82
33
66
158
34
277
105
81
10
283
61
113
212
195
185
14
254
251
163
218
37
250
273
125
43
59
162
126
108
242
79
256
46
46
151
279
278
21
34
181
241
16
171
24
10
216
88
199
277
237
20
209
126
275
34
96
212
291
207
48
280
11
27
14
300
68
95
153
29
203
146
1
13
47
187
197
197
226
124
283
238
6
254
283
48
220
20
65
27
59
69
228
44
166
148
213
78
88
273
31
233
248
265
28
88
12
249
8
271
43
44
42
52
91
35
60
178
259
248
181
217
108
294
273
64
12
168
39
107
286
72
241
43
253
15
11
124
182
261
271
227
38
115
11
209
93
42
281
282
59
163
119
106
189
247
65
264
68
18
216
45
131
110
281
49
74
128
87
278
7
186
235
19
73
255
195
75
66
227
185
233
218
56
46
39
76
208
258
136
249
154
11
75
54
64
38
121
240
115
94
182
220
256
153
174
113
291
9
70
207
99
252
47
285
9
6
29
273
15
134
11
14
120
111
124
204
72
266
139
125
67
147
280
26
116
146
62
243
175
289
0
27
155
22
5
256
73
119
281
252
3
6
129
41
100
20
54
266
83
284
17
121
256
109
87
12
11
296
282
255
86
34
30
67
69
13
289
75
285
271
262
110
54
97
249
166
8
273
12
96
8
65
99
28
3
73
253
103
262
110
218
154
234
85
89
153
35
98
91
122
175
261
218
15
38
82
128
9
116
31
158
176
17
52
74
26
93
106
268
190
48
95
71
162
123
254
281
281
117
226
41
119
200
35
51
91
109
236
22
87
265
185
99
181
239
24
62
37
44
71
130
67
103
105
36
111
121
191
101
109
273
183
134
268
238
269
275
6
23
50
151
224
101
269
25
21
155
49
131
144
155
61
95
30
278
90
18
107
119
75
227
49
260
206
254
216
20
24
106
282
244
138
119
34
8
98
146
53
283
150
114
70
65
191
24
33
171
114
72
33
233
22
115
176
70
14
196
121
95
289
47
16
233
23
126
78
279
70
202
70
279
247
223
251
259
58
96
42
249
23
58
153
47
147
69
104
92
2
24
124
88
27
177
30
95
92
174
202
180
64
98
38
225
281
194
143
282
227
21
73
100
41
236
199
22
16
235
79
100
79
20
227
202
179
173
11
43
121
47
111
286
269
234
116
140
269
97
23
281
25
145
255
151
193
202
86
277
144
123
139
30
81
9
249
