89
19
5
100
204
47
274
209
7
283
25
5
180
31
275
12
191
203
20
139
196
7
75
241
36
53
265
257
8
59
15
74
66
264
36
247
126
173
199
201
89
136
103
196
117
186
88
81
97
59
75
275
118
208
268
11
40
88
54
61
191
120
280
108
289
33
145
162
103
214
157
15
216
243
167
27
256
114
228
253
291
224
101
161
263
93
144
253
75
230
17
11
154
96
81
284
44
190
74
183
130
42
76
99
97
303
90
256
29
96
145
37
74
209
140
242
73
4
50
16
221
54
30
47
102
58
95
278
116
12
215
212
5
6
73
265
3
143
120
100
27
18
96
33
221
184
19
263
92
33
242
138
155
209
27
60
284
165
44
213
104
39
68
233
76
138
215
70
164
132
56
194
197
121
96
86
237
234
120
16
264
31
119
80
257
138
72
103
6
15
234
25
6
12
273
147
218
101
6
217
253
166
93
93
3
57
39
76
25
25
268
59
52
107
79
11
87
172
45
59
70
261
39
67
58
144
261
286
3
188
104
21
77
172
62
153
46
269
66
179
203
8
22
288
14
90
83
112
159
238
12
37
109
82
25
90
80
178
115
75
7
31
262
253
36
142
184
52
90
32
79
42
16
165
295
12
209
201
91
2
80
67
6
55
232
25
160
9
66
142
88
196
7
211
114
85
97
113
118
97
73
141
174
267
127
22
150
288
85
254
22
98
262
16
36
235
171
9
260
2
87
93
97
136
230
244
111
8
101
110
173
26
193
60
17
35
84
76
11
103
40
288
24
224
55
90
12
222
24
19
29
237
49
53
43
51
63
97
24
74
84
8
34
87
76
72
137
247
132
138
158
217
2
231
61
216
25
20
237
30
102
61
34
151
83
277
292
145
6
233
8
20
116
9
255
125
18
162
245
108
233
205
48
22
189
276
80
260
245
249
45
46
229
50
282
154
167
53
253
275
34
284
100
132
29
30
81
274
31
58
100
79
99
278
62
107
61
60
218
284
9
113
52
94
247
258
228
237
60
98
11
133
246
49
34
258
141
46
16
31
196
58
210
247
35
26
147
223
159
78
226
12
99
150
282
12
172
99
39
63
57
273
20
26
75
40
236
24
7
83
207
185
67
84
91
35
145
15
199
193
71
11
8
261
224
63
36
268
71
247
277
42
126
50
15
38
258
43
88
11
229
117
44
4
50
202
5
286
241
264
5
163
127
78
240
46
86
291
267
200
60
58
52
31
101
6
30
285
23
11
210
38
261
175
245
193
159
36
214
69
76
42
152
128
12
236
32
29
15
250
130
272
25
277
10
201
210
222
200
133
221
167
64
15
20
62
43
95
3
14
169
287
68
225
102
9
148
30
210
22
260
275
88
60
17
10
36
230
98
277
38
112
214
11
10
174
71
100
96
48
25
166
21
177
267
38
205
91
92
12
188
148
86
143
11
284
58
31
258
163
21
54
137
170
39
64
30
42
196
204
220
165
48
17
79
26
73
273
145
192
153
218
94
30
95
112
59
46
20
76
65
96
3
279
157
45
103
21
215
12
282
289
239
15
264
92
287
279
86
99
97
48
154
15
85
99
181
75
7
250
97
90
174
29
65
9
288
250
74
248
290
21
157
89
6
25
292
289
90
227
112
263
200
20
140
6
275
89
22
99
130
275
280
5
9
23
123
222
242
168
157
272
5
156
4
14
17
98
178
101
25
73
274
10
279
113
290
158
109
238
290
147
28
104
16
104
38
65
40
142
122
74
231
114
120
94
55
17
40
261
213
134
86
285
99
227
69
60
280
192
151
249
120
101
11
58
206
110
166
65
86
28
11
7
98
39
228
101
44
235
196
125
110
32
262
134
19
60
105
66
32
252
178
228
212
171
79
169
102
104
237
101
87
58
103
96
11
53
82
10
33
10
14
280
250
179
70
31
113
13
243
253
75
200
88
75
72
190
103
250
14
114
272
105
82
156
39
214
19
47
19
43
261
246
101
9
27
80
90
222
287
110
80
184
8
79
98
159
165
56
258
243
70
98
160
224
35
249
93
59
158
269
53
85
124
10
205
272
31
241
91
151
11
164
53
167
9
24
42
23
17
186
103
207
26
253
179
78
197
72
171
100
121
289
246
89
130
248
67
234
102
119
59
51
56
180
114
229
40
5
49
82
7
35
264
155
104
209
28
55
256
270
35
147
114
134
254
44
46
53
61
270
210
86
211
95
8
13
30
85
85
18
108
252
11
261
84
25
75
51
49
125
12
92
91
81
246
131
270
21
