7
128
104
280
48
198
85
45
113
111
159
118
30
164
115
117
42
202
82
20
211
118
28
67
57
49
135
79
99
226
88
25
29
89
171
70
276
221
197
59
9
19
5
42
279
49
256
15
4
215
233
130
272
194
85
130
194
20
41
209
41
276
120
287
108
149
254
243
6
182
27
97
57
86
35
142
149
283
65
146
96
175
5
249
127
297
265
76
25
170
87
131
250
279
264
95
53
205
251
39
21
75
18
250
14
94
275
141
82
278
16
174
258
58
19
150
246
102
57
149
62
198
173
214
286
32
282
128
280
128
193
187
103
112
29
92
98
24
285
4
79
143
6
74
182
43
85
75
8
169
75
265
249
195
161
40
114
25
53
49
299
54
243
160
22
20
189
239
27
11
204
205
197
10
11
23
157
77
10
91
140
71
5
263
76
21
231
1
104
132
170
80
107
85
90
254
57
284
99
56
147
225
17
15
104
206
185
22
158
81
89
225
214
6
18
86
21
225
191
229
24
85
180
212
207
26
94
108
106
41
290
88
12
228
203
244
56
128
223
34
55
116
80
94
134
25
20
3
30
69
125
193
10
20
159
13
19
33
271
233
102
163
91
68
182
14
41
37
12
74
249
60
86
234
100
128
197
202
287
100
263
249
99
219
76
151
239
96
29
21
14
52
124
63
11
16
264
280
6
7
232
23
225
84
17
136
244
113
253
76
74
299
75
136
185
171
235
95
82
101
14
270
286
22
170
157
284
118
293
281
36
147
44
40
124
169
285
18
89
281
69
98
78
176
40
293
96
67
157
137
168
160
191
203
198
43
212
296
72
257
18
102
68
276
23
242
252
152
253
20
241
179
109
177
228
49
69
81
63
175
296
48
61
36
16
123
92
24
104
174
110
128
278
113
146
276
80
243
157
9
65
184
48
126
47
119
242
84
78
70
58
184
173
201
118
243
34
206
140
116
165
95
281
23
159
61
19
129
166
208
288
256
270
117
32
281
36
44
65
97
114
9
53
277
76
73
60
61
48
3
91
255
95
185
180
81
19
186
132
168
58
222
200
147
166
158
16
69
245
23
180
114
6
20
84
76
228
278
59
208
215
120
92
150
23
61
168
76
105
16
202
37
235
280
287
58
247
90
51
49
251
93
92
141
184
39
155
122
222
85
121
185
11
44
89
72
79
193
270
94
174
275
200
108
189
53
117
105
66
92
100
27
265
241
70
199
245
102
78
209
46
205
203
61
267
95
72
91
140
109
50
61
146
32
86
44
237
66
185
228
253
60
24
269
132
69
163
150
94
144
17
93
73
99
96
208
49
175
203
253
70
28
36
92
163
229
58
12
103
88
232
95
39
56
284
106
262
154
58
84
78
83
278
42
142
87
60
64
9
94
56
6
193
94
115
232
34
9
6
45
161
31
82
37
69
178
57
258
9
86
218
18
15
17
96
109
43
75
89
229
144
49
22
224
177
211
176
64
50
190
55
30
47
99
267
150
246
130
263
214
26
191
269
154
3
286
222
184
87
30
35
9
99
90
43
200
4
76
180
80
93
100
153
86
132
264
104
130
8
4
263
48
253
86
24
18
29
24
111
68
14
249
217
166
239
112
112
144
245
72
86
134
27
286
97
72
106
106
273
170
13
136
204
78
14
106
120
280
154
287
15
118
93
91
97
154
12
54
72
29
241
97
102
239
116
93
85
6
52
298
149
230
104
122
119
9
94
37
6
68
103
23
80
286
125
9
174
254
160
16
277
22
72
281
6
271
33
145
53
78
63
272
274
111
8
157
244
231
123
61
24
144
12
8
101
49
54
289
240
241
284
154
116
112
17
169
56
265
57
164
42
21
274
150
145
263
138
217
6
39
140
151
37
61
46
222
12
29
7
3
164
283
10
212
5
7
87
42
272
135
78
122
125
101
83
231
27
189
8
98
90
70
243
47
18
20
253
207
5
144
101
7
125
6
285
246
60
176
142
197
82
186
85
155
4
110
156
264
10
176
95
7
252
222
99
239
8
236
40
43
78
157
225
2
242
61
161
148
284
32
243
82
200
17
8
111
47
98
170
169
13
246
121
225
47
39
115
163
56
152
148
44
5
191
151
148
226
20
198
26
228
14
277
100
64
13
267
64
228
70
299
277
226
46
224
217
7
68
176
103
216
260
113
173
128
25
291
200
169
44
80
87
60
248
7
15
136
63
204
33
226
123
191
285
194
11
104
140
170
292
254
88
287
144
122
76
24
78
31
40
197
274
90
243
16
30
79
269
133
84
